585 816
702 1116
659 812
519 546
525 509
608 827
478 523
632 751
835 544
468 496
573 894
757 915
691 936
617 1098
582 560
690 896
949 937
835 560
786 1097
454 937
422 870
403 798
393 724
385 650
386 573
518 566
1014 564
1010 718
1015 642
982 869
1001 794
903 997
435 545
811 717
699 714
697 769
836 531
622 926
892 555
489 563
865 559
796 812
909 528
499 997
843 839
776 875
850 1053
634 503
833 549
551 549
582 541
694 817
579 718
863 510
551 536
550 554
553 1054
756 500
768 557
810 505
551 565
538 848
811 469
613 560
802 556
948 549
803 537
521 475
806 884
657 564
613 664
728 810
731 554
776 663
760 750
692 838
869 472
579 506
920 498
773 825
579 474
864 538
603 885
