509 851
579 1042
541 844
419 628
413 594
519 857
383 605
520 797
661 615
373 583
500 885
614 898
568 913
517 1033
465 641
567 889
798 915
657 630
645 1027
397 927
374 879
359 826
350 772
346 719
345 663
419 646
829 614
842 738
838 676
826 861
839 800
756 961
357 621
625 766
544 766
554 804
655 604
528 905
704 619
399 643
682 625
624 841
702 578
430 968
664 847
621 872
704 999
486 584
655 619
448 631
465 622
562 845
492 779
661 571
441 621
442 635
470 1006
581 578
607 629
621 575
443 647
480 857
617 550
486 639
632 628
740 591
630 611
407 566
644 876
511 638
506 737
583 842
571 633
600 728
593 790
562 855
662 545
449 590
706 557
614 850
447 564
680 608
520 880
