573 714
666 928
617 711
504 496
490 474
586 720
461 488
598 648
732 478
449 463
559 759
700 781
652 781
599 925
551 506
649 758
871 786
731 491
735 911
462 822
438 769
423 711
413 652
409 593
406 533
506 512
877 481
894 605
889 544
889 728
895 667
837 836
438 505
704 615
624 618
634 656
727 465
599 780
773 482
485 512
754 487
715 698
780 454
497 868
765 710
713 752
792 878
564 456
728 481
527 499
549 489
641 710
569 629
744 446
527 489
527 502
543 902
666 447
683 492
706 447
528 511
532 726
703 419
569 501
707 492
810 465
704 474
481 443
740 751
595 503
585 588
665 704
646 494
678 579
672 640
643 721
745 415
526 465
785 428
700 708
521 438
752 466
584 757
