593 756
680 977
643 751
507 527
503 504
607 763
468 518
608 687
741 510
456 491
585 792
712 804
672 810
608 973
555 541
670 784
880 822
744 525
751 959
459 863
430 807
412 747
399 685
392 622
386 557
509 544
895 510
906 638
903 576
898 763
905 701
848 876
437 533
731 650
648 658
653 698
741 498
623 804
791 516
484 544
767 522
734 748
807 489
498 910
775 753
724 776
806 922
584 485
742 515
531 532
554 522
667 752
572 664
769 479
530 519
531 535
549 947
678 477
696 526
724 478
531 546
554 771
722 446
581 537
720 525
841 502
718 506
495 471
747 782
610 531
594 622
691 747
661 529
701 613
697 679
668 768
770 443
543 496
814 459
721 754
539 466
766 504
607 783
