402 728
475 948
436 722
353 482
358 457
417 743
324 462
419 654
616 492
320 443
397 773
519 797
464 796
410 932
402 506
464 770
735 836
611 512
554 942
295 806
275 750
266 691
260 633
260 573
261 511
351 505
798 506
798 644
802 577
769 778
788 712
686 883
293 473
550 638
449 602
456 661
609 481
424 794
666 500
330 499
642 508
548 728
655 470
323 855
588 749
533 767
624 919
432 460
611 497
379 490
404 482
461 726
387 633
616 461
378 475
377 495
362 899
533 460
558 502
575 460
376 510
378 746
575 439
424 502
584 508
691 484
582 486
357 434
559 778
451 503
411 584
486 722
498 501
525 587
504 656
462 742
620 437
395 459
661 450
531 743
397 438
638 485
416 767
