510 743
584 968
552 742
461 512
464 481
524 750
432 486
547 676
707 529
427 463
499 781
620 809
577 811
517 951
501 530
576 786
818 849
706 541
657 960
403 822
385 768
375 710
370 652
368 594
371 533
460 525
880 537
876 667
880 603
849 793
866 730
773 895
405 495
656 656
579 645
582 687
708 517
531 804
749 538
441 522
729 539
650 745
764 500
433 871
696 759
636 778
719 934
540 486
707 530
483 518
503 513
576 744
521 654
732 486
481 508
481 521
470 916
648 482
664 528
691 484
479 531
475 751
692 455
527 527
685 536
789 520
686 519
464 454
662 789
559 534
540 612
599 741
628 525
636 613
622 677
577 755
737 454
501 484
775 473
635 756
504 459
729 524
521 777
